3 0.5 0.13 1.0 0.02
3 0.5 0.3 1.0 0.02
3 0.5 0.47 1.0 0.02
3 0.5 0.64 1.0 0.02
3 0.5 0.81 1.0 0.02
3 0.5 0.98 1.0 0.02
2 0.1 0.08 0.08 0.1
2 0.2 0.08 0.08 0.1
2 0.3 0.08 0.08 0.1
2 0.4 0.08 0.08 0.1
2 0.5 0.08 0.08 0.1
2 0.6 0.08 0.08 0.1
2 0.7 0.08 0.08 0.1
2 0.8 0.08 0.08 0.1
2 0.9 0.08 0.08 0.1
2 0.1 0.22 0.08 0.1
2 0.2 0.22 0.08 0.1
2 0.3 0.22 0.08 0.1
2 0.4 0.22 0.08 0.1
2 0.5 0.22 0.08 0.1
2 0.6 0.22 0.08 0.1
2 0.7 0.22 0.08 0.1
2 0.8 0.22 0.08 0.1
2 0.9 0.22 0.08 0.1
2 0.1 0.39 0.08 0.1
2 0.2 0.39 0.08 0.1
2 0.3 0.39 0.08 0.1
2 0.4 0.39 0.08 0.1
2 0.5 0.39 0.08 0.1
2 0.6 0.39 0.08 0.1
2 0.7 0.39 0.08 0.1
2 0.8 0.39 0.08 0.1
2 0.9 0.39 0.08 0.1