3 0.5 0.13 1.0 0.02
3 0.5 0.31 1.0 0.02
3 0.5 0.49 1.0 0.02
3 0.5 0.67 1.0 0.02
3 0.5 0.85 1.0 0.02
2 0.1 0.08 0.08 0.1
2 0.2 0.08 0.08 0.1
2 0.3 0.08 0.08 0.1
2 0.4 0.08 0.08 0.1
2 0.5 0.08 0.08 0.1
2 0.6 0.08 0.08 0.1
2 0.7 0.08 0.08 0.1
2 0.8 0.08 0.08 0.1
2 0.9 0.08 0.08 0.1
2 0.1 0.22 0.08 0.15
2 0.25 0.22 0.08 0.15
2 0.4 0.22 0.08 0.15
2 0.55 0.22 0.08 0.15
2 0.7 0.22 0.08 0.15
2 0.85 0.22 0.08 0.15
2 0.1 0.4 0.08 0.15
2 0.25 0.4 0.08 0.15
2 0.4 0.4 0.08 0.15
2 0.55 0.4 0.08 0.15
2 0.7 0.4 0.08 0.15
2 0.85 0.4 0.08 0.15
2 0.1 0.58 0.08 0.15
2 0.25 0.58 0.08 0.15
2 0.4 0.58 0.08 0.15
2 0.55 0.58 0.08 0.15
2 0.7 0.58 0.08 0.15
2 0.85 0.58 0.08 0.15